0 0.719531 0.424074 0.0130208 0.0444444
0 0.496615 0.485648 0.0328125 0.112037
0 0.583073 0.455093 0.0171875 0.10463
0 0.354948 0.5125 0.0286458 0.165741
0 0.369792 0.502315 0.0239583 0.110185
0 0.905729 0.486111 0.05 0.166667
0 0.29401 0.47037 0.0192708 0.0907407
0 0.540625 0.44537 0.0197917 0.0907407
0 0.496875 0.440278 0.01875 0.0787037
0 0.663542 0.459259 0.01875 0.0944444
0 0.389323 0.478704 0.0182292 0.0981481
0 0.257552 0.539815 0.0578125 0.259259
0 0.326823 0.532407 0.0463542 0.238889
0 0.792708 0.55463 0.0802083 0.307407
0 0.740625 0.560648 0.0864583 0.343519
